Ia, Ib, Ic, Va, Vb, Vc
-0.254, 1.866, -0.081, 0.468, 0.483, 0.453
-1.462, 0.658, -0.323, 0.468, 0.483, 0.453
-2.429, 0.336, -0.001, 0.468, 0.483, 0.453
-1.462, 1.786, 0.966, 0.468, 0.483, 0.453
-1.785, 1.464, 0.725, 0.468, 0.483, 0.453
-1.865, 1.544, 0.886, 0.468, 0.483, 0.453
-1.140, 0.980, 1.127, 0.468, 0.483, 0.453
-1.301, -0.389, 1.450, 0.468, 0.483, 0.453
-2.268, -2.001, 1.450, 0.468, 0.483, 0.453
-0.979, -0.792, 2.739, 0.468, 0.483, 0.453
-1.543, -0.873, 2.497, 0.468, 0.483, 0.453
-0.576, -0.148, 2.658, 0.468, 0.483, 0.453
-1.865, -1.759, 0.966, 0.468, 0.483, 0.453
-0.415, -1.840, 1.047, 0.468, 0.483, 0.453
0.713, -1.678, 1.611, 0.468, 0.483, 0.453
0.713, -2.323, 1.530, 0.468, 0.483, 0.453
0.471, -2.081, 1.450, 0.468, 0.483, 0.453
0.149, -2.404, 0.805, 0.468, 0.483, 0.453
0.955, -1.276, 0.805, 0.468, 0.483, 0.453
1.841, -1.195, -0.242, 0.468, 0.483, 0.453
2.082, -1.115, -1.048, 0.468, 0.483, 0.453
2.163, -1.115, -1.209, 0.468, 0.483, 0.453
2.566, -0.792, -1.048, 0.468, 0.483, 0.453
1.599, -1.437, -1.773, 0.468, 0.483, 0.453
0.874, -1.517, -1.854, 0.468, 0.483, 0.453
2.002, 0.255, -1.209, 0.468, 0.483, 0.453
0.229, -0.712, -3.223, 0.468, 0.483, 0.453
1.438, 1.222, -2.498, 0.468, 0.483, 0.453
1.599, 0.980, -2.337, 0.468, 0.483, 0.453
1.841, 1.061, -2.256, 0.468, 0.483, 0.453
1.519, 1.383, -1.692, 0.468, 0.483, 0.453
0.149, 1.786, -1.773, 0.468, 0.483, 0.453
-1.382, 1.383, -2.659, 0.468, 0.483, 0.453
-0.818, 2.269, -2.176, 0.468, 0.483, 0.453
-0.415, 2.511, -1.854, 0.468, 0.483, 0.453
-0.254, 2.269, -1.531, 0.468, 0.483, 0.453
-1.382, 1.061, -1.854, 0.468, 0.483, 0.453
-1.785, 0.980, -0.967, 0.468, 0.483, 0.453
-1.221, 1.947, 0.966, 0.468, 0.483, 0.453
-1.543, 1.544, 0.886, 0.468, 0.483, 0.453
-1.785, 1.383, 0.563, 0.468, 0.483, 0.453
-1.624, 1.302, 0.805, 0.468, 0.483, 0.453
-1.301, 0.819, 0.805, 0.468, 0.483, 0.453
-2.107, -0.953, 0.644, 0.468, 0.483, 0.453
-1.301, -0.712, 2.094, 0.468, 0.483, 0.453
-1.221, -1.115, 2.175, 0.468, 0.483, 0.453
-0.818, -0.470, 2.900, 0.468, 0.483, 0.453
-1.301, -0.792, 2.416, 0.468, 0.483, 0.453
-0.335, -0.389, 2.578, 0.468, 0.483, 0.453
-1.301, -2.242, 0.886, 0.468, 0.483, 0.453
0.471, -1.840, 1.691, 0.468, 0.483, 0.453
0.391, -2.323, 1.933, 0.468, 0.483, 0.453
0.391, -2.081, 2.094, 0.468, 0.483, 0.453
-0.012, -1.920, 1.852, 0.468, 0.483, 0.453
0.471, -1.759, 1.450, 0.468, 0.483, 0.453
0.149, -2.323, -0.726, 0.468, 0.483, 0.453
1.760, -1.034, -0.726, 0.468, 0.483, 0.453
2.002, -0.792, -1.048, 0.468, 0.483, 0.453
2.324, -1.034, -0.887, 0.468, 0.483, 0.453
2.244, -1.034, -0.806, 0.468, 0.483, 0.453
1.438, -0.792, -1.048, 0.468, 0.483, 0.453
1.680, 0.255, -1.048, 0.468, 0.483, 0.453
0.793, 0.336, -2.256, 0.468, 0.483, 0.453
1.196, 0.900, -2.337, 0.468, 0.483, 0.453
1.438, 1.061, -2.498, 0.468, 0.483, 0.453
1.760, 1.061, -1.934, 0.468, 0.483, 0.453
1.035, 0.980, -2.095, 0.468, 0.483, 0.453
0.874, 2.511, -0.887, 0.468, 0.483, 0.453
-0.657, 2.592, -1.531, 0.468, 0.483, 0.453
-0.898, 2.833, -1.531, 0.468, 0.483, 0.453
-0.254, 2.994, -1.370, 0.468, 0.483, 0.453
-0.415, 2.350, -2.176, 0.468, 0.483, 0.453
-0.254, 2.028, -1.370, 0.468, 0.483, 0.453
-0.818, 1.786, -0.806, 0.468, 0.483, 0.453
-2.510, 0.577, -0.887, 0.468, 0.483, 0.453
-1.704, 1.947, 0.644, 0.468, 0.483, 0.453
-1.946, 1.464, 0.161, 0.468, 0.483, 0.453
-1.865, 1.705, 0.241, 0.468, 0.483, 0.453
-1.301, 1.141, 0.805, 0.468, 0.483, 0.453
-1.060, -0.148, 1.450, 0.468, 0.483, 0.453
-1.301, -0.953, 1.530, 0.468, 0.483, 0.453
-0.979, -1.437, 1.933, 0.468, 0.483, 0.453
-0.979, -0.953, 2.497, 0.468, 0.483, 0.453
-0.898, -1.195, 2.175, 0.468, 0.483, 0.453
-1.785, -2.242, 0.966, 0.468, 0.483, 0.453
0.068, -1.437, 1.852, 0.468, 0.483, 0.453
1.277, -2.081, 1.933, 0.468, 0.483, 0.453
1.760, -2.242, 1.933, 0.468, 0.483, 0.453
1.599, -2.726, 1.772, 0.468, 0.483, 0.453
1.438, -2.404, 1.772, 0.468, 0.483, 0.453
1.277, -2.323, 0.966, 0.468, 0.483, 0.453
1.680, -2.001, -0.081, 0.468, 0.483, 0.453
1.921, -2.081, -1.128, 0.468, 0.483, 0.453
2.888, -1.678, -1.370, 0.468, 0.483, 0.453
3.372, -1.034, -1.209, 0.468, 0.483, 0.453
2.646, -1.115, -0.806, 0.468, 0.483, 0.453
2.244, -0.712, -1.128, 0.468, 0.483, 0.453
1.438, -0.228, -1.692, 0.468, 0.483, 0.453
1.519, 0.819, -2.095, 0.468, 0.483, 0.453
1.599, 0.980, -2.418, 0.468, 0.483, 0.453
1.438, 1.061, -2.418, 0.468, 0.483, 0.453
1.277, 0.980, -2.176, 0.468, 0.483, 0.453
0.874, 1.061, -2.176, 0.468, 0.483, 0.453
0.310, 1.786, -1.692, 0.468, 0.483, 0.453
-0.415, 2.350, -1.612, 0.468, 0.483, 0.453
-0.818, 2.914, -1.773, 0.468, 0.483, 0.453
-1.060, 2.672, -1.692, 0.468, 0.483, 0.453
-1.060, 2.269, -1.854, 0.468, 0.483, 0.453
-0.898, 2.269, -1.209, 0.468, 0.483, 0.453
-1.060, 1.866, -0.403, 0.468, 0.483, 0.453
-2.026, 1.383, 0.080, 0.468, 0.483, 0.453
-2.188, 1.866, 0.886, 0.468, 0.483, 0.453
-2.510, 1.544, 0.886, 0.468, 0.483, 0.453
-2.026, 1.625, 0.725, 0.468, 0.483, 0.453
-1.946, 1.141, 0.483, 0.468, 0.483, 0.453
-1.221, 0.980, 1.369, 0.468, 0.483, 0.453
-1.140, -0.148, 1.772, 0.468, 0.483, 0.453
-2.268, -1.840, 0.966, 0.468, 0.483, 0.453
-1.140, -1.115, 2.175, 0.468, 0.483, 0.453
-1.221, -1.034, 1.852, 0.468, 0.483, 0.453
-0.898, -1.195, 1.208, 0.468, 0.483, 0.453
-0.496, -1.437, 1.289, 0.468, 0.483, 0.453
0.874, -1.517, 1.369, 0.468, 0.483, 0.453
1.277, -2.323, 1.450, 0.468, 0.483, 0.453
0.632, -2.887, 0.563, 0.468, 0.483, 0.453
0.955, -2.081, 1.450, 0.468, 0.483, 0.453
1.035, -1.759, 1.289, 0.468, 0.483, 0.453
0.955, -2.001, -0.162, 0.468, 0.483, 0.453
0.955, -2.242, -1.854, 0.468, 0.483, 0.453
2.566, -0.953, -1.128, 0.468, 0.483, 0.453
2.888, -1.115, -1.451, 0.468, 0.483, 0.453
1.760, -1.920, -1.934, 0.468, 0.483, 0.453
2.163, -1.034, -0.887, 0.468, 0.483, 0.453
1.680, -0.389, -1.048, 0.468, 0.483, 0.453
1.841, 0.739, -1.370, 0.468, 0.483, 0.453
1.519, 0.819, -2.095, 0.468, 0.483, 0.453
1.196, 0.739, -2.579, 0.468, 0.483, 0.453
1.277, 0.980, -2.095, 0.468, 0.483, 0.453
0.149, -0.067, -2.981, 0.468, 0.483, 0.453
0.149, 0.980, -2.095, 0.468, 0.483, 0.453
-0.335, 1.786, -1.290, 0.468, 0.483, 0.453
-1.060, 2.028, -1.531, 0.468, 0.483, 0.453
-1.382, 1.705, -1.854, 0.468, 0.483, 0.453
-0.737, 2.350, -1.370, 0.468, 0.483, 0.453
-0.415, 2.028, -1.209, 0.468, 0.483, 0.453
-0.979, 1.786, -0.162, 0.468, 0.483, 0.453
-1.704, 1.061, 0.241, 0.468, 0.483, 0.453
-2.429, 1.061, 0.644, 0.468, 0.483, 0.453
-2.188, 1.544, 1.289, 0.468, 0.483, 0.453
-1.865, 1.786, 1.208, 0.468, 0.483, 0.453
-2.268, 0.819, 0.483, 0.468, 0.483, 0.453
-1.785, 0.658, 1.289, 0.468, 0.483, 0.453
-1.462, 0.175, 2.094, 0.468, 0.483, 0.453
-1.221, -0.389, 2.255, 0.468, 0.483, 0.453
-1.140, -0.309, 2.578, 0.468, 0.483, 0.453
-1.221, 0.094, 2.578, 0.468, 0.483, 0.453
-1.140, -0.309, 1.933, 0.468, 0.483, 0.453
-1.221, -0.792, 1.208, 0.468, 0.483, 0.453
0.068, -0.792, 1.611, 0.468, 0.483, 0.453
0.793, -1.598, 1.450, 0.468, 0.483, 0.453
0.955, -2.081, 1.289, 0.468, 0.483, 0.453
0.632, -2.001, 1.289, 0.468, 0.483, 0.453
-0.254, -2.645, 0.161, 0.468, 0.483, 0.453
1.196, -1.195, 0.563, 0.468, 0.483, 0.453
1.438, -1.115, -0.323, 0.468, 0.483, 0.453
2.002, -0.792, -0.967, 0.468, 0.483, 0.453
2.163, -1.356, -1.531, 0.468, 0.483, 0.453
2.485, -0.470, -0.887, 0.468, 0.483, 0.453
1.921, -1.034, -1.290, 0.468, 0.483, 0.453
2.002, -0.309, -1.128, 0.468, 0.483, 0.453
1.599, 0.255, -1.854, 0.468, 0.483, 0.453
1.196, 0.416, -2.337, 0.468, 0.483, 0.453
0.552, 0.336, -3.465, 0.468, 0.483, 0.453
1.680, 0.577, -2.659, 0.468, 0.483, 0.453
1.680, 0.497, -2.095, 0.468, 0.483, 0.453
1.438, 1.302, -1.290, 0.468, 0.483, 0.453
-0.898, 0.658, -2.418, 0.468, 0.483, 0.453
-0.496, 2.028, -1.531, 0.468, 0.483, 0.453
-0.898, 2.269, -1.209, 0.468, 0.483, 0.453
-1.704, 1.383, -2.659, 0.468, 0.483, 0.453
-0.335, 2.189, -0.887, 0.468, 0.483, 0.453
-0.737, 1.544, -0.564, 0.468, 0.483, 0.453
-1.704, 0.577, -0.242, 0.468, 0.483, 0.453
-1.704, 1.222, 0.966, 0.468, 0.483, 0.453
-1.704, 1.383, 1.047, 0.468, 0.483, 0.453
-1.865, 1.947, 1.127, 0.468, 0.483, 0.453
-1.785, 1.625, 0.805, 0.468, 0.483, 0.453
-1.140, 1.222, 0.886, 0.468, 0.483, 0.453
-1.462, 0.013, 1.289, 0.468, 0.483, 0.453
-1.221, -0.712, 2.094, 0.468, 0.483, 0.453
-1.221, -0.470, 2.497, 0.468, 0.483, 0.453
-1.785, -0.631, 2.255, 0.468, 0.483, 0.453
-1.462, -0.309, 2.094, 0.468, 0.483, 0.453
-1.382, -0.631, 1.691, 0.468, 0.483, 0.453
0.068, -0.551, 2.014, 0.468, 0.483, 0.453
0.310, -1.598, 1.530, 0.468, 0.483, 0.453
1.357, -1.517, 2.014, 0.468, 0.483, 0.453
1.116, -1.598, 1.611, 0.468, 0.483, 0.453
0.149, -2.404, 0.805, 0.468, 0.483, 0.453
0.955, -1.437, 0.805, 0.468, 0.483, 0.453
1.438, -1.115, -0.323, 0.468, 0.483, 0.453
2.082, -1.356, -1.048, 0.468, 0.483, 0.453
2.002, -0.712, -1.370, 0.468, 0.483, 0.453
2.485, -0.792, -1.128, 0.468, 0.483, 0.453
2.163, -0.873, -0.887, 0.468, 0.483, 0.453
1.760, -0.631, -0.887, 0.468, 0.483, 0.453
1.438, -0.067, -1.370, 0.468, 0.483, 0.453
1.196, 0.577, -2.095, 0.468, 0.483, 0.453
0.471, -0.389, -3.384, 0.468, 0.483, 0.453
1.841, 1.061, -2.337, 0.468, 0.483, 0.453
2.002, 0.577, -2.095, 0.468, 0.483, 0.453
0.793, 0.175, -2.418, 0.468, 0.483, 0.453
-0.818, 0.336, -2.579, 0.468, 0.483, 0.453
-0.335, 2.108, -1.612, 0.468, 0.483, 0.453
-0.496, 2.672, -1.531, 0.468, 0.483, 0.453
-0.737, 2.511, -1.692, 0.468, 0.483, 0.453
0.068, 2.672, -0.887, 0.468, 0.483, 0.453
-0.415, 1.705, -1.048, 0.468, 0.483, 0.453
-1.060, 1.383, -0.403, 0.468, 0.483, 0.453
-1.704, 1.222, 0.402, 0.468, 0.483, 0.453
-1.543, 1.705, 0.725, 0.468, 0.483, 0.453
-1.704, 1.383, 0.725, 0.468, 0.483, 0.453
-2.026, 0.900, 0.402, 0.468, 0.483, 0.453
-1.543, 0.577, 0.563, 0.468, 0.483, 0.453
-0.979, -0.067, 1.530, 0.468, 0.483, 0.453
-1.140, -1.034, 1.772, 0.468, 0.483, 0.453
-1.785, -2.242, 1.450, 0.468, 0.483, 0.453
-1.060, -0.873, 2.497, 0.468, 0.483, 0.453
-1.140, -0.953, 2.255, 0.468, 0.483, 0.453
-1.624, -2.081, 0.805, 0.468, 0.483, 0.453
0.068, -1.437, 2.175, 0.468, 0.483, 0.453
0.713, -1.920, 1.772, 0.468, 0.483, 0.453
0.955, -2.645, 1.772, 0.468, 0.483, 0.453
1.035, -2.565, 1.691, 0.468, 0.483, 0.453
0.632, -2.404, 1.772, 0.468, 0.483, 0.453
1.196, -1.517, 1.691, 0.468, 0.483, 0.453
1.116, -1.920, -0.162, 0.468, 0.483, 0.453
2.324, -0.792, -0.162, 0.468, 0.483, 0.453
2.405, -0.953, -1.128, 0.468, 0.483, 0.453
2.324, -1.356, -1.451, 0.468, 0.483, 0.453
2.244, -1.115, -1.128, 0.468, 0.483, 0.453
1.438, -0.953, -1.612, 0.468, 0.483, 0.453
1.438, -0.309, -1.290, 0.468, 0.483, 0.453
0.955, 0.255, -2.256, 0.468, 0.483, 0.453
1.277, 0.819, -2.418, 0.468, 0.483, 0.453
1.357, 0.739, -2.659, 0.468, 0.483, 0.453
1.035, 0.255, -2.981, 0.468, 0.483, 0.453
0.955, 1.141, -2.095, 0.468, 0.483, 0.453
-0.254, 1.222, -2.015, 0.468, 0.483, 0.453
-0.254, 2.592, -1.370, 0.468, 0.483, 0.453
-1.221, 2.994, -1.370, 0.468, 0.483, 0.453
-0.898, 2.833, -1.370, 0.468, 0.483, 0.453
-0.415, 2.672, -1.531, 0.468, 0.483, 0.453
-0.335, 2.269, -1.451, 0.468, 0.483, 0.453
-0.173, 2.753, 0.402, 0.468, 0.483, 0.453
-1.785, 1.464, -0.162, 0.468, 0.483, 0.453
-2.026, 1.705, 0.886, 0.468, 0.483, 0.453
-2.107, 1.383, 0.322, 0.468, 0.483, 0.453
-1.704, 1.544, 0.483, 0.468, 0.483, 0.453
-1.382, 1.383, 0.805, 0.468, 0.483, 0.453
-0.818, 0.739, 1.369, 0.468, 0.483, 0.453
-0.657, -0.148, 2.255, 0.468, 0.483, 0.453
-1.140, -0.953, 1.933, 0.468, 0.483, 0.453
-0.979, -0.953, 2.094, 0.468, 0.483, 0.453
-1.462, -0.953, 1.611, 0.468, 0.483, 0.453
-0.818, -0.631, 1.852, 0.468, 0.483, 0.453
-0.254, -1.034, 1.772, 0.468, 0.483, 0.453
0.391, -2.162, 1.369, 0.468, 0.483, 0.453
1.277, -1.920, 1.611, 0.468, 0.483, 0.453
0.955, -2.726, 1.530, 0.468, 0.483, 0.453
0.955, -2.323, 1.530, 0.468, 0.483, 0.453
1.438, -1.759, 1.852, 0.468, 0.483, 0.453
1.599, -1.598, 0.483, 0.468, 0.483, 0.453
2.002, -1.598, -0.323, 0.468, 0.483, 0.453
2.727, -1.276, -0.403, 0.468, 0.483, 0.453
2.727, -1.356, -0.726, 0.468, 0.483, 0.453
2.244, -1.437, -0.806, 0.468, 0.483, 0.453
1.841, -1.034, -0.645, 0.468, 0.483, 0.453
1.599, -0.228, -0.806, 0.468, 0.483, 0.453
0.149, -0.792, -2.820, 0.468, 0.483, 0.453
1.357, 0.980, -2.015, 0.468, 0.483, 0.453
1.599, 0.819, -2.015, 0.468, 0.483, 0.453
1.519, 0.658, -2.176, 0.468, 0.483, 0.453
1.277, 0.819, -1.612, 0.468, 0.483, 0.453
0.552, 1.544, -1.370, 0.468, 0.483, 0.453
-0.576, 2.269, -1.290, 0.468, 0.483, 0.453
-1.221, 2.511, -1.451, 0.468, 0.483, 0.453
-1.382, 2.511, -1.531, 0.468, 0.483, 0.453
-0.576, 2.511, -1.290, 0.468, 0.483, 0.453
-1.060, 2.028, -1.370, 0.468, 0.483, 0.453
-1.704, 1.705, -0.887, 0.468, 0.483, 0.453
-2.026, 1.625, -0.001, 0.468, 0.483, 0.453
-2.188, 1.544, 0.805, 0.468, 0.483, 0.453
-2.268, 1.786, 0.966, 0.468, 0.483, 0.453
-1.785, 2.028, 1.047, 0.468, 0.483, 0.453
-1.382, 1.705, 1.208, 0.468, 0.483, 0.453
-1.785, 0.658, 1.047, 0.468, 0.483, 0.453
-2.268, -1.356, 0.563, 0.468, 0.483, 0.453
-0.898, -0.551, 2.336, 0.468, 0.483, 0.453
-0.979, -0.953, 2.416, 0.468, 0.483, 0.453
-1.140, -1.276, 1.772, 0.468, 0.483, 0.453
-1.462, -1.598, 1.289, 0.468, 0.483, 0.453
-1.140, -2.081, 0.805, 0.468, 0.483, 0.453
0.632, -1.759, 1.611, 0.468, 0.483, 0.453
1.599, -1.920, 1.933, 0.468, 0.483, 0.453
1.277, -2.565, 1.611, 0.468, 0.483, 0.453
0.793, -2.404, 1.289, 0.468, 0.483, 0.453
0.793, -2.323, 0.805, 0.468, 0.483, 0.453
1.921, -1.115, 0.805, 0.468, 0.483, 0.453
2.485, -0.873, -0.323, 0.468, 0.483, 0.453
2.727, -1.356, -1.128, 0.468, 0.483, 0.453
2.808, -1.195, -1.370, 0.468, 0.483, 0.453
2.727, -1.437, -1.128, 0.468, 0.483, 0.453
2.324, -1.195, -1.048, 0.468, 0.483, 0.453
1.519, -0.873, -1.692, 0.468, 0.483, 0.453
1.760, 0.175, -1.531, 0.468, 0.483, 0.453
1.599, 0.577, -1.934, 0.468, 0.483, 0.453
1.519, 0.819, -2.418, 0.468, 0.483, 0.453
1.921, 1.222, -1.692, 0.468, 0.483, 0.453
1.196, 0.900, -1.854, 0.468, 0.483, 0.453
0.391, 1.222, -1.692, 0.468, 0.483, 0.453
-0.335, 1.947, -0.967, 0.468, 0.483, 0.453
-0.898, 2.350, -1.209, 0.468, 0.483, 0.453
-0.737, 2.914, -1.209, 0.468, 0.483, 0.453
-0.415, 2.833, -1.048, 0.468, 0.483, 0.453
-0.657, 2.108, -1.290, 0.468, 0.483, 0.453
-1.060, 1.705, -0.564, 0.468, 0.483, 0.453
-1.785, 1.061, 0.080, 0.468, 0.483, 0.453
-1.704, 1.544, 1.047, 0.468, 0.483, 0.453
-2.510, 1.061, 0.886, 0.468, 0.483, 0.453
-1.462, 1.947, 1.208, 0.468, 0.483, 0.453
-1.865, 1.544, 0.886, 0.468, 0.483, 0.453
-1.140, 1.302, 1.611, 0.468, 0.483, 0.453
-2.026, -0.551, 1.289, 0.468, 0.483, 0.453
-1.301, -0.470, 2.094, 0.468, 0.483, 0.453
-1.543, -0.712, 2.416, 0.468, 0.483, 0.453
-1.140, -0.389, 2.255, 0.468, 0.483, 0.453
-2.107, -1.598, 1.289, 0.468, 0.483, 0.453
-0.576, -0.631, 1.852, 0.468, 0.483, 0.453
0.391, -1.195, 1.772, 0.468, 0.483, 0.453
0.391, -2.323, 1.289, 0.468, 0.483, 0.453
0.471, -2.242, 0.805, 0.468, 0.483, 0.453
0.793, -1.759, 1.772, 0.468, 0.483, 0.453
0.391, -1.759, 1.289, 0.468, 0.483, 0.453
0.310, -2.404, -0.001, 0.468, 0.483, 0.453
1.599, -1.276, -0.162, 0.468, 0.483, 0.453
2.244, -1.356, -0.806, 0.468, 0.483, 0.453
2.405, -1.356, -1.048, 0.468, 0.483, 0.453
1.599, -2.242, -1.773, 0.468, 0.483, 0.453
1.680, -1.840, -1.290, 0.468, 0.483, 0.453
1.599, -1.356, -1.370, 0.468, 0.483, 0.453
2.244, 0.255, -1.128, 0.468, 0.483, 0.453
1.438, -0.148, -2.579, 0.468, 0.483, 0.453
2.002, 0.577, -2.418, 0.468, 0.483, 0.453
2.002, 0.255, -2.176, 0.468, 0.483, 0.453
1.760, -0.470, -2.579, 0.468, 0.483, 0.453
1.599, 0.497, -1.773, 0.468, 0.483, 0.453
0.310, 0.819, -1.773, 0.468, 0.483, 0.453
-0.335, 1.786, -1.451, 0.468, 0.483, 0.453
-0.093, 2.350, -1.370, 0.468, 0.483, 0.453
-0.335, 1.947, -1.612, 0.468, 0.483, 0.453
-0.737, 1.383, -1.854, 0.468, 0.483, 0.453
-0.093, 1.544, -0.564, 0.468, 0.483, 0.453
-1.060, 1.383, 0.241, 0.468, 0.483, 0.453
-1.704, 1.222, 0.725, 0.468, 0.483, 0.453
-2.107, 1.302, 1.289, 0.468, 0.483, 0.453
-1.865, 1.786, 1.450, 0.468, 0.483, 0.453
-2.268, 0.980, 0.644, 0.468, 0.483, 0.453
-2.510, -0.228, 0.241, 0.468, 0.483, 0.453
-0.979, -0.067, 2.094, 0.468, 0.483, 0.453
-1.301, -1.115, 2.578, 0.468, 0.483, 0.453
-0.737, -0.873, 3.625, 0.468, 0.483, 0.453
-0.898, -1.034, 3.303, 0.468, 0.483, 0.453
-1.382, -1.034, 2.900, 0.468, 0.483, 0.453
-0.576, -1.356, 2.497, 0.468, 0.483, 0.453
-0.496, -2.242, 1.611, 0.468, 0.483, 0.453
0.955, -2.242, 1.772, 0.468, 0.483, 0.453
0.793, -2.565, 1.933, 0.468, 0.483, 0.453
0.793, -2.404, 1.772, 0.468, 0.483, 0.453
0.793, -2.645, 1.127, 0.468, 0.483, 0.453
0.955, -2.404, 0.644, 0.468, 0.483, 0.453
1.841, -1.517, -0.001, 0.468, 0.483, 0.453
2.566, -1.115, -1.128, 0.468, 0.483, 0.453
2.808, -1.115, -1.370, 0.468, 0.483, 0.453
2.808, -1.034, -1.209, 0.468, 0.483, 0.453
2.163, -1.195, -1.370, 0.468, 0.483, 0.453
2.727, -0.067, -0.806, 0.468, 0.483, 0.453
0.955, -0.470, -3.062, 0.468, 0.483, 0.453
1.921, 1.141, -2.418, 0.468, 0.483, 0.453
2.163, 1.866, -2.176, 0.468, 0.483, 0.453
1.680, 1.625, -2.981, 0.468, 0.483, 0.453
1.680, 1.464, -2.579, 0.468, 0.483, 0.453
0.471, 1.302, -2.740, 0.468, 0.483, 0.453
0.068, 2.511, -2.015, 0.468, 0.483, 0.453
-0.818, 2.592, -2.256, 0.468, 0.483, 0.453
-0.737, 2.994, -1.934, 0.468, 0.483, 0.453
-0.737, 2.833, -2.015, 0.468, 0.483, 0.453
-0.173, 2.672, -1.290, 0.468, 0.483, 0.453
-0.737, 2.350, -0.726, 0.468, 0.483, 0.453
-1.382, 1.866, -0.242, 0.468, 0.483, 0.453
-2.026, 1.383, 0.886, 0.468, 0.483, 0.453
-2.026, 1.544, 1.047, 0.468, 0.483, 0.453
-2.026, 1.544, 0.966, 0.468, 0.483, 0.453
-1.946, 0.980, 0.805, 0.468, 0.483, 0.453
-1.946, 0.497, 0.966, 0.468, 0.483, 0.453
-2.107, -1.034, 0.966, 0.468, 0.483, 0.453
-0.898, -0.470, 2.497, 0.468, 0.483, 0.453
-0.898, -1.034, 2.819, 0.468, 0.483, 0.453
-1.060, -1.195, 2.658, 0.468, 0.483, 0.453
-1.221, -0.792, 2.175, 0.468, 0.483, 0.453
-0.576, -0.873, 2.094, 0.468, 0.483, 0.453
0.068, -1.356, 1.852, 0.468, 0.483, 0.453
0.471, -2.323, 1.772, 0.468, 0.483, 0.453
1.438, -1.920, 2.014, 0.468, 0.483, 0.453
0.391, -2.968, 1.450, 0.468, 0.483, 0.453
0.632, -2.081, 1.772, 0.468, 0.483, 0.453
0.068, -2.001, 1.127, 0.468, 0.483, 0.453
0.793, -1.598, -0.162, 0.468, 0.483, 0.453
1.116, -1.598, -0.967, 0.468, 0.483, 0.453
2.163, -1.195, -0.887, 0.468, 0.483, 0.453
2.163, -1.115, -0.806, 0.468, 0.483, 0.453
1.438, -1.437, -1.128, 0.468, 0.483, 0.453
1.438, -0.389, -0.564, 0.468, 0.483, 0.453
1.680, 0.577, -1.048, 0.468, 0.483, 0.453
1.277, 0.577, -1.773, 0.468, 0.483, 0.453
1.599, 1.302, -1.854, 0.468, 0.483, 0.453
1.035, 0.577, -2.337, 0.468, 0.483, 0.453
1.599, 0.819, -1.773, 0.468, 0.483, 0.453
0.552, 0.739, -1.934, 0.468, 0.483, 0.453
-0.012, 1.625, -1.692, 0.468, 0.483, 0.453
-0.415, 2.350, -1.209, 0.468, 0.483, 0.453
-0.898, 2.350, -1.531, 0.468, 0.483, 0.453
-0.737, 2.350, -1.692, 0.468, 0.483, 0.453
-0.012, 2.592, -1.290, 0.468, 0.483, 0.453
-0.093, 2.028, -1.048, 0.468, 0.483, 0.453
-0.415, 1.705, -0.564, 0.468, 0.483, 0.453
-0.737, 1.705, 0.402, 0.468, 0.483, 0.453
-1.624, 1.302, 0.161, 0.468, 0.483, 0.453
-1.301, 1.625, 0.966, 0.468, 0.483, 0.453
-2.590, 0.336, -0.967, 0.468, 0.483, 0.453
-0.979, 0.819, 0.805, 0.468, 0.483, 0.453
-0.898, 0.094, 1.047, 0.468, 0.483, 0.453
-1.382, -1.276, 1.369, 0.468, 0.483, 0.453
-0.254, -0.551, 2.497, 0.468, 0.483, 0.453
-0.818, -0.953, 2.094, 0.468, 0.483, 0.453
-0.979, -1.034, 1.611, 0.468, 0.483, 0.453
-1.140, -1.920, 0.644, 0.468, 0.483, 0.453
0.310, -1.920, 1.289, 0.468, 0.483, 0.453
1.277, -2.404, 1.127, 0.468, 0.483, 0.453
2.082, -2.565, 1.450, 0.468, 0.483, 0.453
0.955, -3.531, 0.161, 0.468, 0.483, 0.453
1.599, -2.404, 1.127, 0.468, 0.483, 0.453
1.760, -2.081, 0.483, 0.468, 0.483, 0.453
2.405, -1.840, -0.323, 0.468, 0.483, 0.453
3.291, -1.356, -0.726, 0.468, 0.483, 0.453
3.210, -1.115, -1.370, 0.468, 0.483, 0.453
2.969, -1.195, -1.451, 0.468, 0.483, 0.453
3.049, -0.953, -1.290, 0.468, 0.483, 0.453
2.082, -0.631, -1.934, 0.468, 0.483, 0.453
2.002, 0.255, -2.015, 0.468, 0.483, 0.453
1.599, 0.980, -2.579, 0.468, 0.483, 0.453
1.116, 1.302, -3.384, 0.468, 0.483, 0.453
1.196, 1.705, -3.304, 0.468, 0.483, 0.453
0.229, 0.739, -3.465, 0.468, 0.483, 0.453
0.793, 1.866, -1.934, 0.468, 0.483, 0.453
0.068, 2.672, -1.531, 0.468, 0.483, 0.453
-1.221, 2.914, -1.773, 0.468, 0.483, 0.453
-1.140, 3.156, -1.692, 0.468, 0.483, 0.453
-1.704, 2.511, -1.934, 0.468, 0.483, 0.453
-2.188, 1.705, -2.498, 0.468, 0.483, 0.453
-0.737, 2.350, -0.887, 0.468, 0.483, 0.453
-1.785, 1.544, -0.726, 0.468, 0.483, 0.453
-1.865, 2.189, 0.886, 0.468, 0.483, 0.453
-2.107, 2.108, 0.966, 0.468, 0.483, 0.453
-1.946, 2.592, 1.127, 0.468, 0.483, 0.453
-2.107, 1.786, 0.322, 0.468, 0.483, 0.453
-2.429, 0.497, -0.001, 0.468, 0.483, 0.453
-1.140, 0.497, 1.450, 0.468, 0.483, 0.453
-1.060, -0.067, 1.611, 0.468, 0.483, 0.453
-1.301, -0.631, 1.772, 0.468, 0.483, 0.453
-1.140, -0.309, 2.094, 0.468, 0.483, 0.453
-1.060, 0.013, 2.014, 0.468, 0.483, 0.453
-1.301, -0.631, 1.208, 0.468, 0.483, 0.453
-0.415, -0.389, 1.369, 0.468, 0.483, 0.453
-0.093, -1.195, 0.563, 0.468, 0.483, 0.453
0.149, -1.920, 0.483, 0.468, 0.483, 0.453
0.310, -0.953, 1.933, 0.468, 0.483, 0.453
-0.254, -1.115, 1.933, 0.468, 0.483, 0.453
-0.093, -1.034, 1.208, 0.468, 0.483, 0.453
0.068, -1.034, 0.080, 0.468, 0.483, 0.453
1.035, -0.551, -0.162, 0.468, 0.483, 0.453
1.599, -0.631, -0.726, 0.468, 0.483, 0.453
1.760, -0.953, -0.726, 0.468, 0.483, 0.453
1.841, -1.034, -0.081, 0.468, 0.483, 0.453
1.599, -0.631, 0.322, 0.468, 0.483, 0.453
1.277, -0.389, -0.403, 0.468, 0.483, 0.453
0.632, -0.148, -1.128, 0.468, 0.483, 0.453
0.149, -0.470, -2.418, 0.468, 0.483, 0.453
1.438, 0.175, -1.290, 0.468, 0.483, 0.453
1.357, -0.148, -1.370, 0.468, 0.483, 0.453
1.116, 0.658, -0.967, 0.468, 0.483, 0.453
0.310, 0.819, -0.645, 0.468, 0.483, 0.453
-0.818, 1.625, -0.967, 0.468, 0.483, 0.453
-0.737, 2.028, -0.887, 0.468, 0.483, 0.453
-2.026, 1.061, -1.854, 0.468, 0.483, 0.453
-0.979, 1.786, -1.048, 0.468, 0.483, 0.453
-0.737, 1.383, -0.403, 0.468, 0.483, 0.453
-1.060, 1.302, -0.081, 0.468, 0.483, 0.453
-2.026, 1.061, 0.886, 0.468, 0.483, 0.453
-2.268, 1.222, 1.450, 0.468, 0.483, 0.453
-2.510, 1.222, 1.691, 0.468, 0.483, 0.453
-2.590, 0.819, 1.289, 0.468, 0.483, 0.453
-2.107, 0.980, 1.611, 0.468, 0.483, 0.453
-1.865, 0.094, 2.014, 0.468, 0.483, 0.453
-1.301, -0.309, 3.061, 0.468, 0.483, 0.453
-1.462, -0.953, 3.222, 0.468, 0.483, 0.453
-1.382, -1.034, 3.142, 0.468, 0.483, 0.453
-1.221, -1.034, 2.980, 0.468, 0.483, 0.453
-1.301, -1.437, 2.094, 0.468, 0.483, 0.453
-0.979, -2.726, 1.289, 0.468, 0.483, 0.453
1.035, -2.162, 2.014, 0.468, 0.483, 0.453
0.793, -3.370, 0.805, 0.468, 0.483, 0.453
0.793, -3.370, 1.289, 0.468, 0.483, 0.453
1.438, -2.404, 1.450, 0.468, 0.483, 0.453
1.599, -2.001, 0.805, 0.468, 0.483, 0.453
2.163, -1.598, -0.242, 0.468, 0.483, 0.453
2.888, -1.437, -1.128, 0.468, 0.483, 0.453
3.210, -1.115, -1.531, 0.468, 0.483, 0.453
3.533, -0.712, -1.370, 0.468, 0.483, 0.453
2.566, -1.598, -1.934, 0.468, 0.483, 0.453
2.485, -0.712, -1.531, 0.468, 0.483, 0.453
2.002, -0.148, -2.095, 0.468, 0.483, 0.453
1.760, 0.497, -2.579, 0.468, 0.483, 0.453
2.002, 0.819, -2.901, 0.468, 0.483, 0.453
2.163, 0.980, -2.981, 0.468, 0.483, 0.453
2.244, 0.819, -2.740, 0.468, 0.483, 0.453
1.438, 0.497, -2.579, 0.468, 0.483, 0.453
0.793, 1.625, -1.773, 0.468, 0.483, 0.453
-0.093, 2.028, -1.531, 0.468, 0.483, 0.453
-0.737, 2.028, -2.015, 0.468, 0.483, 0.453
-0.496, 2.672, -1.128, 0.468, 0.483, 0.453
-0.335, 2.028, -1.370, 0.468, 0.483, 0.453
-1.704, 0.336, -2.176, 0.468, 0.483, 0.453
-0.173, 1.786, 0.322, 0.468, 0.483, 0.453
-1.785, 0.336, -0.001, 0.468, 0.483, 0.453
-1.462, 0.819, 1.289, 0.468, 0.483, 0.453
-1.624, 0.819, 1.127, 0.468, 0.483, 0.453
-1.462, 0.980, 0.805, 0.468, 0.483, 0.453
-1.462, 0.497, 0.483, 0.468, 0.483, 0.453
-1.140, -0.309, 0.966, 0.468, 0.483, 0.453
-1.140, -0.953, 1.450, 0.468, 0.483, 0.453
-1.462, -2.323, 1.289, 0.468, 0.483, 0.453
-0.254, -0.792, 2.255, 0.468, 0.483, 0.453
-1.301, -1.195, 1.852, 0.468, 0.483, 0.453
-1.865, -1.356, 0.886, 0.468, 0.483, 0.453
-0.898, -0.953, 0.805, 0.468, 0.483, 0.453
0.471, -0.873, 1.208, 0.468, 0.483, 0.453
0.310, -1.598, 0.966, 0.468, 0.483, 0.453
0.955, -1.356, 1.772, 0.468, 0.483, 0.453
0.149, -1.920, 0.966, 0.468, 0.483, 0.453
0.874, -0.551, 1.369, 0.468, 0.483, 0.453
0.713, -0.631, 0.483, 0.468, 0.483, 0.453
1.116, -0.712, -0.726, 0.468, 0.483, 0.453
1.599, -0.470, -0.806, 0.468, 0.483, 0.453
1.921, -0.389, -0.806, 0.468, 0.483, 0.453
0.149, -2.081, -2.095, 0.468, 0.483, 0.453
1.116, -0.953, -0.645, 0.468, 0.483, 0.453
1.357, 0.255, -0.403, 0.468, 0.483, 0.453
0.391, 0.094, -1.854, 0.468, 0.483, 0.453
0.793, 1.222, -1.854, 0.468, 0.483, 0.453
0.955, 1.222, -2.095, 0.468, 0.483, 0.453
1.599, 1.141, -1.773, 0.468, 0.483, 0.453
0.552, 0.739, -2.256, 0.468, 0.483, 0.453
-0.415, 0.497, -2.498, 0.468, 0.483, 0.453
-0.335, 1.705, -1.370, 0.468, 0.483, 0.453
-2.026, 1.061, -2.176, 0.468, 0.483, 0.453
-0.898, 2.350, -1.370, 0.468, 0.483, 0.453
-0.737, 2.028, -1.531, 0.468, 0.483, 0.453
-0.093, 1.866, -1.209, 0.468, 0.483, 0.453
-0.737, 1.705, -0.564, 0.468, 0.483, 0.453
-1.221, 1.383, 0.402, 0.468, 0.483, 0.453
-1.382, 1.222, 0.886, 0.468, 0.483, 0.453
-1.865, 0.900, 0.725, 0.468, 0.483, 0.453
-1.301, 1.464, 1.047, 0.468, 0.483, 0.453
-2.349, 0.336, -0.001, 0.468, 0.483, 0.453
-0.737, 0.255, 1.289, 0.468, 0.483, 0.453
-1.301, -1.115, 0.805, 0.468, 0.483, 0.453
-0.576, -0.712, 2.416, 0.468, 0.483, 0.453
-0.657, -0.873, 2.578, 0.468, 0.483, 0.453
-0.979, -0.792, 2.094, 0.468, 0.483, 0.453
-0.979, -0.470, 1.933, 0.468, 0.483, 0.453
-0.496, -0.953, 1.691, 0.468, 0.483, 0.453
0.471, -1.678, 1.691, 0.468, 0.483, 0.453
0.552, -2.565, 1.289, 0.468, 0.483, 0.453
0.955, -2.404, 1.772, 0.468, 0.483, 0.453
0.068, -2.645, 1.127, 0.468, 0.483, 0.453
0.793, -1.759, 1.450, 0.468, 0.483, 0.453
0.955, -1.437, 0.805, 0.468, 0.483, 0.453
1.035, -1.437, -0.403, 0.468, 0.483, 0.453
2.244, -0.792, -0.323, 0.468, 0.483, 0.453
